*begin("version 12.0.103-HWDesktop  2-18-2014  15:46:38")
*templatefileset("/DATA/SOFTWARE/HW12.0/altair/templates/feoutput/cfd/acusolve")
*menufilterset("*")
*menufilterdisable()
*readfile("/home/romain.hild/Documents/testHmToMsh/testCube.hm")
*setgeomrefinelevel(1)
*rotateabout(0,0,0,0)
*viewset(-0.0960947208,-0.0512951552,-0.994049602,0,-0.953988383,0.289715718,0.0772720339,0,0.284028113,0.955737208,-0.0767751332,0,4.76994192,-1.44857859,-5.38636017,1,-5.5,-5.5,5.5,5.5)
*viewset(-0.0960947208,-0.0512951552,-0.994049602,0,-0.953988383,0.289715718,0.0772720339,0,0.284028113,0.955737208,-0.0767751332,0,4.76994192,-1.44857859,-5.38636017,1,-5.5,-5.5,5.5,5.5)
*rotateabout(0,0,0,0)
*viewset(-0.998607644,-0.0431931071,-0.0302841371,0,-0.0244422255,-0.129888124,0.991227347,0,-0.0467477387,0.990587417,0.128651538,0,0.122211127,0.649440622,-9.95613673,1,-5.5,-5.5,5.5,5.5)
*viewset(-0.998607644,-0.0431931071,-0.0302841371,0,-0.0244422255,-0.129888124,0.991227347,0,-0.0467477387,0.990587417,0.128651538,0,0.122211127,0.649440622,-9.95613673,1,-5.5,-5.5,5.5,5.5)
*rotateabout(0,0,0,0)
*viewset(0.0748264156,-0.0687613657,0.994823041,0,0.990284159,0.12238407,-0.0660259318,0,-0.117210459,0.990097982,0.0772508524,0,-4.9514208,-0.611920348,-4.66987034,1,-5.5,-5.5,5.5,5.5)
*viewset(0.0748264156,-0.0687613657,0.994823041,0,0.990284159,0.12238407,-0.0660259318,0,-0.117210459,0.990097982,0.0772508524,0,-4.9514208,-0.611920348,-4.66987034,1,-5.5,-5.5,5.5,5.5)
*rotateabout(0,0,0,0)
*viewset(0.995171842,0.0866104481,0.0461696253,0,0.0376423414,0.0976278914,-0.994510859,0,-0.0906424743,0.991447137,0.0938963085,0,-0.188211707,-0.488139457,-0.0274457043,1,-5.5,-5.5,5.5,5.5)
*viewset(0.995171842,0.0866104481,0.0461696253,0,0.0376423414,0.0976278914,-0.994510859,0,-0.0906424743,0.991447137,0.0938963085,0,-0.188211707,-0.488139457,-0.0274457043,1,-5.5,-5.5,5.5,5.5)
*rotateabout(0,0,0,0)
*viewset(0.949410612,-0.282207916,-0.137761321,0,0.291170473,0.955388615,0.0495212141,0,0.117640319,-0.0871279952,0.989226702,0,-1.45585237,-4.77694307,-5.24760607,1,-5.5,-5.5,5.5,5.5)
*viewset(0.949410612,-0.282207916,-0.137761321,0,0.291170473,0.955388615,0.0495212141,0,0.117640319,-0.0871279952,0.989226702,0,-1.45585237,-4.77694307,-5.24760607,1,-5.5,-5.5,5.5,5.5)
*quit() "2-18-2014  15:50:37"

